ACTIVATION=tanh
0.018766 0.600611 -0.552170 0.293321 -0.138082 -0.156155 0.476969 -0.159681 -0.696785 -0.693811 0.271048 0.131256 0.290018 -0.680297 -0.134499 1.268018 -0.114768
0.153612 -0.102875 0.090518 0.367961 0.055890 -0.505714 0.475069 0.159960 0.207244 -0.128825 0.358988 0.548437 0.087836 -0.445136 -0.337203 0.613200 -0.251082
0.051814 0.110956 -0.010758 0.178217 0.020418 -0.194177 -0.271961 -0.132042 -0.339824 -0.549353 0.375226 0.442516 -0.391941 0.223086 -0.334840 0.031306 0.011462
-0.044921 0.318037 0.253010 0.164088 0.145728 -0.203737 0.158369 -0.216393 -0.375781 -0.778861 0.194766 -0.245812 0.156161 0.345418 0.292749 0.178216 -0.083629
-0.268715 -0.139310 0.017692 -0.110086 -0.394478 0.285262 0.358162 -0.184711 -0.186687 -0.283379 -0.079124 -0.128708 -0.151683 -0.194855 -0.150556 0.716774 -0.274762
0.171558 -0.053262 0.013873 0.560213 -0.500020 -0.206910 0.539893 0.026654 -0.686723 -0.649258 0.252071 0.001164 0.040941 -1.169362 0.138962 1.221188 -0.427023
-0.129500 0.439896 -0.087279 0.106605 0.095154 0.150983 0.061942 -0.011124 0.212277 0.023114 -0.416188 -0.250452 -0.229043 0.259419 -0.157509 -0.004766 -0.154763
-0.720880 0.447972 0.240046 -0.257624 -0.361708 0.414382 0.384127 0.484262 0.040570 0.828133 -0.026532 0.006634 0.429252 -0.368041 0.081394 -0.693719 0.157806
0.931597 -0.011843 -0.074478 0.688464 0.176172 -0.433413 0.362654 -0.236552 -0.653390 -1.562528 0.725878 0.103224 -0.146644 -1.047860 0.270296 1.410034 -0.129155
-0.296188 -0.012939 0.414915 0.018000 0.394793 -0.103579 -0.046827 0.386249 -0.039129 0.860662 0.335091 0.302254 0.338396 0.120783 -0.155856 -0.144295 -0.211614
0.802279 0.293354 -0.100033 0.675551 0.205409 0.291914 -0.492296 -0.835559 0.021547 -1.650038 0.542980 0.334720 -0.536637 0.353449 0.483202 1.447052 0.227388
0.378098 -0.422715 0.488079 -0.407843 0.029279 -0.051821 -0.350085 0.299934 0.154741 0.383382 0.109201 0.119990 0.237779 -0.307167 -0.085109 -0.424682 -0.423868
0.281398 -0.102850 0.309427 -0.398598 0.402195 0.534592 -0.479210 -0.388877 -0.053862 0.474255 0.400055 0.038646 -0.100583 0.306404 -0.015315 -0.597160 -0.430351
-0.175765 -0.485711 0.144408 0.026976 0.236315 -0.222016 -0.019887 -0.022222 0.266229 0.520519 0.271304 -0.025140 -0.145376 0.604941 -0.207444 -0.194260 0.076483
0.329990 -0.218600 -0.167467 -0.120616 -0.345730 -0.267647 0.091455 0.165292 -0.036666 -0.267255 -0.012253 -0.104771 -0.137630 0.117828 0.306520 0.413069 -0.327639
-1.317421 0.227495 0.383551 -0.727811 -0.700449 0.921175 0.214408 0.986450 0.893027 -0.248524 -1.266241 0.508161 0.526539 0.653508 -0.260397 -0.916271 -0.246292
